506
600
504
503
498
499
494
490
483
717
479
476
475
491
474
575
473
527
467
537
462
466
525
535
459
460
496
456
447
444
441
439
438
437
443
435
434
500
531
536
431
427
424
421
420
417
425
413
436
528
409
517
406
402
401
403
396
397
392
391
390
493
495
394
384
529
472
381
399
373
708
706
369
364
455
359
557
422
358
382
553
363
349
345
4
378
340
339
338
337
336
350
342
334
332
331
705
330
327
322
319
315
344
311
310
578
304
301
739
295
297
367
463
408
288
284
283
281
273
375
329
260
259
573
252
249
245
243
242
782
238
237
750
235
492
228
227
222
224
540
287
213
212
204
201
199
197
196
195
190
186
205
162
105
597
356
2325
2828
1695
2483
2743
2652
2974
3068
3099
3053
2603
3239
3111
2701
3381
3529
2587
3697
167
3752
465
2539
4046
2962
2890
4083
3094
2924
3243
4541
2281
3398
3184
386
239
307
2473
4609
746
2512
4232
3735
4071
4771
4830
4893
3538
4187
4991
5500
4678
3778
591
2818
3660
292
5566
179
5609
5302
5620
5624
5632
232
374
5782
800
5764
4711
4619
5790
5916
5857
5830
5936
5973
5982
246
5412
3195
6257
4559
2839
5661
26
233
181
3147
3133
741
6721
70
4728
4085
6473
3655
6760
5800
6140
6443
4164
5243
6774
6492
5405
6801
2893
4060
7128
7138
5267
7253
7293
7318
7348
7346
7535
7622
7737
7789
7813
7727
7488
7629
7843
7880
6987
7895
7708
2880
6947
4742
2922
5290
3439
6449
7976
8074
5676
8102
7025
6213
7415
8187
7669
6840
7987
2814
8294
2636
6381
8382
8392
8094
6169
8424
8167
4718
8193
8455
8473
8509
6783
7917
6198
8558
6428
64
7649
8499
2178
6705
8665
8608
8659
8794
8047
8826
8844
8789
309
7840
272
8967
8773
7888
8824
8917
8984
9105
8703
9127
8179
9176
9189
6528
348
9304
9033
8686
9469
9506
9513
8220
8612
8877
9582
9305
353
9868
9955
9982
8466
10012
7122
9190
10139
9179
9858
9154
10155
7968
9280
9349
9239
10412
10333
9214
10309
10501
9646
9212
8231
10647
8002
7668
11037
11043
10580
10102
11125
10034
11697
11714
9124
11911
11934
11783
12100
11901
10273
11723
11835
10418
9803
574
12476
7653
12537
10809
8298
7452
12510
12486
10368
12027
12055
12894
565
12444
12948
13012
12989
13199
13152
13133
13241
10627
599
584
13257
12915
13307
13395
13502
13537
13555
13143
13062
13623
13658
13438
12933
13801
13908
13969
594
14244
12415
14278
12386
13757
14380
14432